1.807685373130000173e+01
1.728000000000000114e+01
2.494999999999999929e+01
1.450000000000000000e+01
1.807685373130000173e+01
1.807685373130000173e+01
1.994999999999999929e+01
1.807685373130000173e+01
1.807685373130000173e+01
1.807685373130000173e+01
2.376000000000000156e+01
1.930999999999999872e+01
1.322000000000000064e+01
7.230000000000000426e+00
1.807685373130000173e+01
1.383000000000000007e+01
5.182000000000000028e+01
1.807685373130000173e+01
1.251999999999999957e+01
3.757000000000000028e+01
1.344999999999999929e+01
2.150000000000000000e+01
2.314000000000000057e+01
1.630000000000000071e+01
6.519999999999999574e+00
1.807685373130000173e+01
1.217999999999999972e+01
1.973999999999999844e+01
1.216999999999999993e+01
1.091000000000000014e+01
1.298000000000000043e+01
1.807685373130000173e+01
1.932999999999999829e+01
4.309999999999999609e+00
1.807685373130000173e+01
1.572000000000000064e+01
1.717000000000000171e+01
1.814999999999999858e+01
1.807685373130000173e+01
1.807685373130000173e+01
1.159999999999999964e+01
1.807685373130000173e+01
2.026000000000000156e+01
1.807685373130000173e+01
2.846000000000000085e+01
2.292999999999999972e+01
1.807685373130000173e+01
1.807685373130000173e+01
1.946999999999999886e+01
1.807685373130000173e+01
1.807685373130000173e+01
2.705999999999999872e+01
1.041999999999999993e+01
2.630000000000000071e+01
1.807685373130000173e+01
2.451000000000000156e+01
1.807685373130000173e+01
3.085999999999999943e+01
1.807685373130000173e+01
1.807685373130000173e+01
5.311999999999999744e+01
3.314000000000000057e+01
1.053999999999999915e+01
1.807685373130000173e+01
1.969999999999999929e+01
7.030000000000000249e+00
2.476000000000000156e+01
1.807685373130000173e+01
1.359999999999999964e+01
2.305999999999999872e+01
1.114000000000000057e+01
2.008999999999999986e+01
1.807685373130000173e+01
9.539999999999999147e+00
5.540000000000000036e+00
1.807685373130000173e+01
7.610000000000000320e+00
1.705999999999999872e+01
1.273000000000000043e+01
2.635000000000000142e+01
2.430000000000000071e+01
2.782999999999999829e+01
1.807685373130000173e+01
7.339999999999999858e+00
1.282000000000000028e+01
8.789999999999999147e+00
8.449999999999999289e+00
1.694999999999999929e+01
1.807685373130000173e+01
1.108999999999999986e+01
1.878999999999999915e+01
1.916000000000000014e+01
7.169999999999999929e+00
2.541000000000000014e+01
1.314000000000000057e+01
1.735000000000000142e+01
1.825000000000000000e+01
3.158999999999999986e+01
1.803000000000000114e+01
1.919999999999999929e+01
5.559999999999999609e+00
1.375999999999999979e+01
1.705999999999999872e+01
2.816000000000000014e+01
7.110000000000000320e+00
1.623999999999999844e+01
1.363000000000000078e+01
3.314000000000000057e+01
1.807685373130000173e+01
3.218999999999999773e+01
1.807685373130000173e+01
1.225999999999999979e+01
2.141000000000000014e+01
1.152999999999999936e+01
2.300000000000000000e+01
9.500000000000000000e+00
1.431000000000000050e+01
1.773999999999999844e+01
1.807685373130000173e+01
1.860000000000000142e+01
3.203999999999999915e+01
3.395000000000000284e+01
2.014999999999999858e+01
1.041999999999999993e+01
1.458999999999999986e+01
1.319999999999999929e+01
1.717999999999999972e+01
1.830000000000000071e+01
1.373000000000000043e+01
1.134999999999999964e+01
1.268999999999999950e+01
2.396999999999999886e+01
9.089999999999999858e+00
1.493999999999999950e+01
1.305000000000000071e+01
3.191000000000000014e+01
1.807685373130000173e+01
1.807685373130000173e+01
2.346999999999999886e+01
2.176999999999999957e+01
1.632000000000000028e+01
2.539999999999999858e+01
1.390000000000000036e+01
1.992000000000000171e+01
1.653000000000000114e+01
2.448000000000000043e+01
1.678999999999999915e+01
1.807685373130000173e+01
1.807685373130000173e+01
1.493999999999999950e+01
1.391999999999999993e+01
1.300999999999999979e+01
1.807685373130000173e+01
9.289999999999999147e+00
6.309999999999999609e+00
4.414999999999999858e+01
1.292999999999999972e+01
1.801000000000000156e+01
8.669999999999999929e+00
1.325000000000000000e+01
3.899000000000000199e+01
1.807685373130000173e+01
1.540000000000000036e+01
1.807685373130000173e+01
1.807685373130000173e+01
1.807685373130000173e+01
1.807685373130000173e+01
9.830000000000000071e+00
1.807685373130000173e+01
2.991000000000000014e+01
1.989000000000000057e+01
1.200999999999999979e+01
3.039000000000000057e+01
1.326999999999999957e+01
1.807685373130000173e+01
7.179999999999999716e+00
1.807685373130000173e+01
1.869000000000000128e+01
1.717999999999999972e+01
7.519999999999999574e+00
2.103999999999999915e+01
7.179999999999999716e+00
2.228000000000000114e+01
1.510999999999999943e+01
6.501000000000000512e+01
1.741000000000000014e+01
1.400999999999999979e+01
1.317999999999999972e+01
1.540000000000000036e+01
1.737999999999999901e+01
2.226999999999999957e+01
9.929999999999999716e+00
9.769999999999999574e+00
1.385999999999999943e+01
2.317999999999999972e+01
1.807685373130000173e+01
1.171000000000000085e+01
2.060000000000000142e+01
1.335999999999999943e+01
9.849999999999999645e+00
1.074000000000000021e+01
1.603999999999999915e+01
1.533000000000000007e+01
1.660000000000000142e+01
1.807685373130000173e+01
1.776999999999999957e+01
1.894999999999999929e+01
7.620000000000000107e+00
9.519999999999999574e+00
4.174000000000000199e+01
1.807685373130000173e+01
1.807685373130000173e+01
2.057000000000000028e+01
1.828999999999999915e+01
2.689999999999999858e+01
1.807685373130000173e+01
4.135000000000000142e+01
1.228999999999999915e+01
1.807685373130000173e+01
1.119999999999999929e+01
1.807685373130000173e+01
1.882999999999999829e+01
1.519999999999999929e+01
2.498999999999999844e+01
8.070000000000000284e+00
1.960999999999999943e+01
1.217999999999999972e+01
1.787999999999999901e+01
1.549000000000000021e+01
2.055999999999999872e+01
9.199999999999999289e+00
1.807685373130000173e+01
2.305999999999999872e+01
1.036999999999999922e+01
1.152999999999999936e+01
1.807685373130000173e+01
1.807685373130000173e+01
1.807685373130000173e+01
1.009999999999999964e+01
1.349000000000000021e+01
2.448000000000000043e+01
8.349999999999999645e+00
1.498000000000000043e+01
1.591000000000000014e+01
1.962000000000000099e+01
1.289000000000000057e+01
1.807685373130000173e+01
1.807685373130000173e+01
2.010000000000000142e+01
1.807685373130000173e+01
1.139000000000000057e+01
1.632000000000000028e+01
1.621000000000000085e+01
9.689999999999999503e+00
1.807685373130000173e+01
1.322000000000000064e+01
1.807685373130000173e+01
1.234999999999999964e+01
1.289000000000000057e+01
2.232999999999999829e+01
2.119999999999999929e+01
1.216999999999999993e+01
1.807685373130000173e+01
1.807685373130000173e+01
8.859999999999999432e+00
1.807685373130000173e+01
1.807685373130000173e+01
1.451999999999999957e+01
9.919999999999999929e+00
1.024000000000000021e+01
1.807685373130000173e+01
2.903999999999999915e+01
2.030999999999999872e+01
5.110000000000000320e+00
1.807685373130000173e+01
1.828000000000000114e+01
4.974000000000000199e+01
1.807685373130000173e+01
8.429999999999999716e+00
9.220000000000000639e+00
1.232000000000000028e+01
1.039000000000000057e+01
2.739999999999999858e+01
1.807685373130000173e+01
6.330000000000000071e+00
1.476999999999999957e+01
1.807685373130000173e+01
1.807685373130000173e+01
1.106000000000000050e+01
4.057000000000000028e+01
2.073000000000000043e+01
9.400000000000000355e+00
2.316000000000000014e+01
2.342000000000000171e+01
9.580000000000000071e+00
5.904999999999999716e+01
2.076000000000000156e+01
3.825999999999999801e+01
1.098000000000000043e+01
9.669999999999999929e+00
1.807685373130000173e+01
1.807685373130000173e+01
6.209999999999999964e+00
1.452999999999999936e+01
3.162000000000000099e+01
3.628000000000000114e+01
2.401000000000000156e+01
1.807685373130000173e+01
1.807685373130000173e+01
1.719000000000000128e+01
1.807685373130000173e+01
1.206000000000000050e+01
1.258000000000000007e+01
5.559999999999999609e+00
1.725000000000000000e+01
4.402000000000000313e+01
9.539999999999999147e+00
8.050000000000000711e+00
1.233999999999999986e+01
1.494999999999999929e+01
1.266999999999999993e+01
1.165000000000000036e+01
1.807685373130000173e+01
1.560999999999999943e+01
1.807685373130000173e+01
7.330000000000000071e+00
1.757000000000000028e+01
2.814000000000000057e+01
1.807685373130000173e+01
1.257000000000000028e+01
1.807685373130000173e+01
1.807685373130000173e+01
9.589999999999999858e+00
1.426999999999999957e+01
1.807685373130000173e+01
1.985999999999999943e+01
2.832999999999999829e+01
1.807685373130000173e+01
1.869999999999999929e+01
1.807685373130000173e+01
1.807685373130000173e+01
5.589999999999999858e+00
1.807685373130000173e+01
1.969000000000000128e+01
4.280000000000000249e+00
1.807685373130000173e+01
1.807685373130000173e+01
1.714000000000000057e+01
1.401999999999999957e+01
2.096999999999999886e+01
2.076999999999999957e+01
2.978000000000000114e+01
9.789999999999999147e+00
1.316000000000000014e+01
1.500999999999999979e+01
1.300999999999999979e+01
5.599999999999999645e+00
1.346000000000000085e+01
1.548000000000000043e+01
1.807685373130000173e+01
1.568999999999999950e+01
2.378999999999999915e+01
1.807685373130000173e+01
1.807685373130000173e+01
1.807685373130000173e+01
1.807685373130000173e+01
1.894999999999999929e+01
1.807685373130000173e+01
2.412999999999999901e+01
2.416000000000000014e+01
1.807685373130000173e+01
9.859999999999999432e+00
1.383999999999999986e+01
1.807685373130000173e+01
1.807685373130000173e+01
8.980000000000000426e+00
1.939000000000000057e+01
1.696000000000000085e+01
3.822999999999999687e+01
1.583999999999999986e+01
1.301999999999999957e+01
2.226000000000000156e+01
2.132000000000000028e+01
1.807685373130000173e+01
1.290000000000000036e+01
8.140000000000000568e+00
2.250000000000000000e+01
1.667999999999999972e+01
1.334999999999999964e+01
1.619999999999999929e+01
7.780000000000000249e+00
8.220000000000000639e+00
1.807685373130000173e+01
1.361999999999999922e+01
1.580000000000000071e+01
9.099999999999999645e+00
1.787000000000000099e+01
1.589000000000000057e+01
1.339000000000000057e+01
1.807685373130000173e+01
1.723000000000000043e+01
3.076000000000000156e+01
4.339999999999999858e+00
2.082999999999999829e+01
2.957999999999999829e+01
2.400000000000000000e+01
1.077999999999999936e+01
9.669999999999999929e+00
1.247000000000000064e+01
2.510000000000000142e+01
1.125000000000000000e+01
2.117999999999999972e+01
1.411999999999999922e+01
1.585999999999999943e+01
1.962999999999999901e+01
3.203000000000000114e+01
1.807685373130000173e+01
1.807685373130000173e+01
1.316000000000000014e+01
1.328999999999999915e+01
6.570000000000000284e+00
9.740000000000000213e+00
1.807685373130000173e+01
1.807685373130000173e+01
2.058999999999999986e+01
1.642000000000000171e+01
1.023000000000000043e+01
5.170000000000000284e+01
1.024000000000000021e+01
8.060000000000000497e+00
1.807685373130000173e+01
1.210999999999999943e+01
1.321000000000000085e+01
9.320000000000000284e+01
6.169999999999999929e+00
1.807685373130000173e+01
1.807685373130000173e+01
8.769999999999999574e+00
1.346000000000000085e+01
1.807685373130000173e+01
1.807685373130000173e+01
2.026999999999999957e+01
3.725999999999999801e+01
1.807685373130000173e+01
1.588000000000000078e+01
1.807685373130000173e+01
8.970000000000000639e+00
1.056000000000000050e+01
1.807685373130000173e+01
1.807685373130000173e+01
3.660000000000000142e+01
1.807685373130000173e+01
3.098000000000000043e+01
1.415000000000000036e+01
1.910999999999999943e+01
2.087000000000000099e+01
2.512999999999999901e+01
1.632999999999999829e+01
1.139000000000000057e+01
1.807685373130000173e+01
1.807685373130000173e+01
1.474000000000000021e+01
1.807685373130000173e+01
1.807685373130000173e+01
2.557999999999999829e+01
2.092000000000000171e+01
2.416000000000000014e+01
2.742999999999999972e+01
3.579999999999999716e+01
1.807685373130000173e+01
8.214000000000000057e+01
1.583000000000000007e+01
2.312999999999999901e+01
2.260000000000000142e+01
1.400000000000000000e+01
1.807685373130000173e+01
2.032999999999999829e+01
1.591999999999999993e+01
1.780999999999999872e+01
1.764999999999999858e+01
1.964000000000000057e+01
1.234999999999999964e+01
1.807685373130000173e+01
1.159999999999999964e+01
1.807685373130000173e+01
4.311999999999999744e+01
1.807685373130000173e+01
1.325999999999999979e+01
1.807685373130000173e+01
1.063000000000000078e+01
1.807685373130000173e+01
1.126999999999999957e+01
2.317000000000000171e+01
1.549000000000000021e+01
1.935000000000000142e+01
1.807685373130000173e+01
1.725000000000000000e+01
1.489000000000000057e+01
2.555999999999999872e+01
1.530000000000000071e+01
2.914999999999999858e+01
1.807685373130000173e+01
1.712999999999999901e+01
1.807685373130000173e+01
1.807685373130000173e+01
2.762999999999999901e+01
1.558999999999999986e+01
9.509999999999999787e+00
1.705000000000000071e+01
9.699999999999999289e+00
1.876000000000000156e+01
7.530000000000000249e+00
1.807685373130000173e+01
1.408999999999999986e+01
1.926000000000000156e+01
1.525000000000000000e+01
1.828999999999999915e+01
1.823000000000000043e+01
1.807685373130000173e+01
2.578000000000000114e+01
2.353000000000000114e+01
1.939999999999999858e+01
9.330000000000000071e+00
1.792000000000000171e+01
1.807685373130000173e+01
1.060999999999999943e+01
1.073000000000000043e+01
2.823000000000000043e+01
1.588000000000000078e+01
2.912999999999999901e+01
1.612000000000000099e+01
1.807685373130000173e+01
1.903000000000000114e+01
2.139999999999999858e+01
3.250000000000000000e+00
2.478999999999999915e+01
1.085999999999999943e+01
1.610000000000000142e+01
2.687000000000000099e+01
1.368999999999999950e+01
1.214000000000000057e+01
1.850000000000000000e+01
9.880000000000000782e+00
1.807685373130000173e+01
1.542999999999999972e+01
1.296000000000000085e+01
2.971999999999999886e+01
1.489000000000000057e+01
2.625000000000000000e+01
1.807685373130000173e+01
2.319999999999999929e+01
1.136999999999999922e+01
1.238000000000000078e+01
3.021999999999999886e+01
2.382000000000000028e+01
1.807685373130000173e+01
2.723999999999999844e+01
3.282999999999999829e+01
1.957999999999999829e+01
1.807685373130000173e+01
1.224000000000000021e+01
1.807685373130000173e+01
1.894000000000000128e+01
1.517999999999999972e+01
2.757000000000000028e+01
2.219000000000000128e+01
1.698000000000000043e+01
1.807685373130000173e+01
3.556000000000000227e+01
1.807685373130000173e+01
1.807685373130000173e+01
1.807685373130000173e+01
4.138000000000000256e+01
1.823999999999999844e+01
1.807685373130000173e+01
1.807685373130000173e+01
2.921999999999999886e+01
1.828000000000000114e+01
1.821999999999999886e+01
1.807685373130000173e+01
1.235999999999999943e+01
1.807685373130000173e+01
9.730000000000000426e+00
1.349000000000000021e+01
1.291000000000000014e+01
9.689999999999999503e+00
1.807685373130000173e+01
1.853999999999999915e+01
2.696999999999999886e+01
1.807685373130000173e+01
1.930999999999999872e+01
7.540000000000000036e+00
2.155000000000000071e+01
1.807999999999999829e+01
2.689000000000000057e+01
1.268999999999999950e+01
1.807685373130000173e+01
1.159999999999999964e+01
1.496000000000000085e+01
8.080000000000000071e+00
1.807685373130000173e+01
1.807685373130000173e+01
2.910999999999999943e+01
1.807685373130000173e+01
1.807685373130000173e+01
1.807685373130000173e+01
1.855000000000000071e+01
1.807685373130000173e+01
1.597000000000000064e+01
1.142999999999999972e+01
8.130000000000000782e+00
1.923999999999999844e+01
3.974000000000000199e+01
2.983999999999999986e+01
9.769999999999999574e+00
1.942999999999999972e+01
2.689999999999999858e+01
1.194999999999999929e+01
1.941000000000000014e+01
8.089999999999999858e+00
1.835000000000000142e+01
1.302999999999999936e+01
1.474000000000000021e+01
1.796999999999999886e+01
1.807685373130000173e+01
2.078000000000000114e+01
2.585000000000000142e+01
9.779999999999999361e+00
1.605000000000000071e+01
2.085000000000000142e+01
1.807685373130000173e+01
2.289999999999999858e+01
1.442999999999999972e+01
9.910000000000000142e+00
1.455000000000000071e+01
1.807685373130000173e+01
1.344999999999999929e+01
8.060000000000000497e+00
1.807685373130000173e+01
3.107000000000000028e+01
1.284999999999999964e+01
8.439999999999999503e+00
1.614999999999999858e+01
1.669999999999999929e+01
3.618999999999999773e+01
9.320000000000000284e+00
1.985999999999999943e+01
1.807685373130000173e+01
2.901000000000000156e+01
1.742000000000000171e+01
1.024000000000000021e+01
2.523000000000000043e+01
2.540000000000000036e+00
1.531000000000000050e+01
2.880000000000000071e+01
1.807685373130000173e+01
2.326000000000000156e+01
1.282000000000000028e+01
6.200000000000000178e+00
2.457000000000000028e+01
2.108999999999999986e+01
3.877000000000000313e+01
1.807685373130000173e+01
1.807685373130000173e+01
1.269999999999999929e+01
1.732999999999999829e+01
2.000000000000000000e+01
1.371000000000000085e+01
3.137999999999999901e+01
1.389000000000000057e+01
1.807685373130000173e+01
2.362999999999999901e+01
1.516999999999999993e+01
1.807685373130000173e+01
1.335999999999999943e+01
2.578000000000000114e+01
1.807685373130000173e+01
1.807685373130000173e+01
1.807685373130000173e+01
3.076000000000000156e+01
1.807685373130000173e+01
1.073000000000000043e+01
5.150000000000000355e+00
1.807685373130000173e+01
1.969999999999999929e+01
1.807685373130000173e+01
1.807685373130000173e+01
2.105000000000000071e+01
2.083999999999999986e+01
1.333000000000000007e+01
1.169999999999999929e+01
8.330000000000000071e+00
1.807685373130000173e+01
1.869000000000000128e+01
1.256000000000000050e+01
1.721999999999999886e+01
8.810000000000000497e+00
1.807685373130000173e+01
1.807685373130000173e+01
8.359999999999999432e+00
1.962999999999999901e+01
7.980000000000000426e+00
6.830000000000000071e+00
1.098000000000000043e+01
1.493999999999999950e+01
1.807685373130000173e+01
1.632000000000000028e+01
2.837999999999999901e+01
1.910000000000000142e+01
1.300000000000000000e+01
1.807685373130000173e+01
1.807685373130000173e+01
7.910000000000000142e+00
1.948000000000000043e+01
1.141999999999999993e+01
3.185999999999999943e+01
9.509999999999999787e+00
8.060000000000000497e+00
8.273999999999999488e+01
1.807685373130000173e+01
1.253999999999999915e+01
8.490000000000000213e+00
1.201999999999999957e+01
3.310999999999999943e+01
1.497000000000000064e+01
1.807685373130000173e+01
5.719999999999999751e+00
2.214999999999999858e+01
1.073000000000000043e+01
1.061999999999999922e+01
1.807685373130000173e+01
9.679999999999999716e+00
2.662999999999999901e+01
1.807685373130000173e+01
1.891000000000000014e+01
3.372999999999999687e+01
1.192999999999999972e+01
1.969000000000000128e+01
9.509999999999999787e+00
3.080999999999999872e+01
1.210999999999999943e+01
8.509999999999999787e+00
1.807685373130000173e+01
2.189999999999999858e+01
9.910000000000000142e+00
1.807685373130000173e+01
7.769999999999999574e+00
2.051000000000000156e+01
3.265999999999999659e+01
1.807685373130000173e+01
1.807685373130000173e+01
1.497000000000000064e+01
8.410000000000000142e+00
1.807685373130000173e+01
1.650000000000000000e+01
2.587999999999999901e+01
3.343999999999999773e+01
1.310999999999999943e+01
1.807685373130000173e+01
1.682999999999999829e+01
1.812999999999999901e+01
1.252999999999999936e+01
1.534999999999999964e+01
2.269999999999999929e+01
3.247999999999999687e+01
1.807685373130000173e+01
1.807685373130000173e+01
2.342000000000000171e+01
1.960999999999999943e+01
7.370000000000000107e+00
1.244999999999999929e+01
1.662000000000000099e+01
1.807685373130000173e+01
1.876000000000000156e+01
1.828999999999999915e+01
2.189999999999999858e+01
7.959999999999999964e+00
1.386999999999999922e+01
1.372000000000000064e+01
2.017000000000000171e+01
1.726000000000000156e+01
1.905999999999999872e+01
1.807685373130000173e+01
2.112000000000000099e+01
2.980999999999999872e+01
1.149000000000000021e+01
8.449999999999999289e+00
1.646999999999999886e+01
1.807685373130000173e+01
1.807685373130000173e+01
1.807685373130000173e+01
2.569000000000000128e+01
3.178000000000000114e+01
1.273000000000000043e+01
1.250999999999999979e+01
1.807685373130000173e+01
1.732999999999999829e+01
1.807685373130000173e+01
1.807685373130000173e+01
2.248999999999999844e+01
1.941000000000000014e+01
1.558999999999999986e+01
1.284999999999999964e+01
7.589999999999999858e+00
1.616000000000000014e+01
1.190000000000000036e+01
1.807685373130000173e+01
1.409999999999999964e+01
1.725000000000000000e+01
1.242999999999999972e+01
1.776000000000000156e+01
1.807685373130000173e+01
2.319000000000000128e+01
1.807685373130000173e+01
1.807685373130000173e+01
1.807685373130000173e+01
1.594999999999999929e+01
1.876000000000000156e+01
2.687000000000000099e+01
1.463000000000000078e+01
8.869999999999999218e+00
1.605999999999999872e+01
1.525999999999999979e+01
2.162000000000000099e+01
2.555999999999999872e+01
1.141999999999999993e+01
1.125999999999999979e+01
1.342999999999999972e+01
2.762999999999999901e+01
1.518999999999999950e+01
2.180999999999999872e+01
7.809999999999999609e+00
1.364000000000000057e+01
1.807685373130000173e+01
1.807685373130000173e+01
2.460999999999999943e+01
9.349999999999999645e+00
2.848000000000000043e+01
2.196000000000000085e+01
2.028999999999999915e+01
1.223000000000000043e+01
2.155999999999999872e+01
9.660000000000000142e+00
1.773000000000000043e+01
1.296000000000000085e+01
1.367999999999999972e+01
3.967999999999999972e+01
1.464000000000000057e+01
2.664000000000000057e+01
1.181000000000000050e+01
2.678000000000000114e+01
1.535999999999999943e+01
1.701999999999999957e+01
2.266000000000000014e+01
1.181000000000000050e+01
1.528999999999999915e+01
1.198000000000000043e+01
1.837000000000000099e+01
3.461999999999999744e+01
1.807685373130000173e+01
1.024000000000000021e+01
1.100000000000000000e+01
2.128999999999999915e+01
1.807685373130000173e+01
1.807685373130000173e+01
1.917999999999999972e+01
1.132000000000000028e+01
1.286999999999999922e+01
7.669999999999999929e+00
1.807685373130000173e+01
1.066999999999999993e+01
1.150999999999999979e+01
6.889999999999999680e+00
1.807685373130000173e+01
1.807685373130000173e+01
1.807685373130000173e+01
4.375999999999999801e+01
1.807685373130000173e+01
3.121999999999999886e+01
1.150999999999999979e+01
1.807685373130000173e+01
1.835999999999999943e+01
