1.769840455508418486e+01
1.249335865521089595e+01
2.246443827167537677e+01
9.936947711036864916e+00
1.658570749696002622e+01
1.810807476188548293e+01
2.304987871003705990e+01
1.655227139039559603e+01
1.660908559773920601e+01
1.303530844049224058e+01
2.810794281008332263e+01
2.366229589161649471e+01
1.379838316266884135e+01
1.118400752049368307e+01
1.930357538668548401e+01
1.492326985422074692e+01
4.235987496429612520e+01
1.652411014778671117e+01
1.345497993285205496e+01
4.292285725718607381e+01
1.438696427082791018e+01
2.022772180484753335e+01
2.401608044705381317e+01
2.167029985334086106e+01
7.461123819034357396e+00
1.909485636659664820e+01
1.403880288380644004e+01
2.118711601105785292e+01
1.181836516142558224e+01
9.886525457146753126e+00
1.780344397941234647e+01
1.930171064181821450e+01
1.679216515382890762e+01
6.360394560520012064e+00
1.573473359116152892e+01
2.162210414876200915e+01
1.824170602552120357e+01
1.575671127919092740e+01
1.862180917809607905e+01
1.483084355164325352e+01
1.272831953975374475e+01
1.963205163317272195e+01
2.478307670932973394e+01
1.680471373220975195e+01
2.341104911418521439e+01
1.970387496232040192e+01
1.999384024797373627e+01
1.789401255615157282e+01
1.799014791825013759e+01
1.745080913197035244e+01
1.434878654557445543e+01
2.390363183282313031e+01
1.039541992563473194e+01
2.276328205065046006e+01
1.800500941318937365e+01
2.423957883249457623e+01
1.479893019263423071e+01
3.356480725623756456e+01
1.584210559296235132e+01
2.035222315923920178e+01
4.928608736327459638e+01
3.081006858135430093e+01
1.258088727685069941e+01
1.611895902439697537e+01
1.948761297589985375e+01
9.515324992259373005e+00
2.339905931524618765e+01
1.961304505014663846e+01
1.387625136871919018e+01
2.336219817513238439e+01
1.139432096553409224e+01
1.956674519732968776e+01
1.873695165133691276e+01
1.467096409983121852e+01
6.660352180014387002e+00
1.569635999190281339e+01
7.611183956105143977e+00
2.482354537619078627e+01
1.336323899618862399e+01
3.166823397782015093e+01
2.384626541869378258e+01
2.464218492118994419e+01
1.871179475240084145e+01
9.411079677877747685e+00
1.252707660149417457e+01
9.471977366591028513e+00
9.089404823043679471e+00
1.321120288514834051e+01
1.753013529665273040e+01
1.202770789930223749e+01
1.866091443456504706e+01
2.140072633223442367e+01
3.691580371032276986e+00
2.412237631185401909e+01
1.189122885197443047e+01
1.768607095208214730e+01
1.518048196387096915e+01
3.252161091002535898e+01
1.498451585762355265e+01
1.509945494403978117e+01
5.600941094612982951e+00
1.322679016550623565e+01
1.817482736743239968e+01
2.249943717243920815e+01
8.492589965776398131e+00
1.814799503461881258e+01
1.503912779232808106e+01
2.880239634406321869e+01
1.899255956163680992e+01
3.751509721776788098e+01
1.719597412132222303e+01
2.191077292260624176e+01
2.100032156294201258e+01
1.218442583778405464e+01
2.291814125592116369e+01
1.111826006361213537e+01
1.294995786459709919e+01
1.489704900891599060e+01
1.656862135638940714e+01
1.669563332626137608e+01
2.577806256549812147e+01
2.966132302038466761e+01
1.905589386681976904e+01
1.116276230613443410e+01
1.237058144241314750e+01
1.320599082436621075e+01
1.642721094701974494e+01
2.031990502573231083e+01
1.381581792546251108e+01
1.613416741970742763e+01
1.528395402371459255e+01
2.818058535023913436e+01
9.624757706566670734e+00
1.772401623853173191e+01
1.350727078339258291e+01
3.149868922502288981e+01
1.683965069430835371e+01
1.566459449819957328e+01
2.014035796202964335e+01
2.372541892083615167e+01
1.237828084922183436e+01
2.821170011919525678e+01
1.263652110326400901e+01
2.035190470604386448e+01
1.660044608901817753e+01
2.328090576646152243e+01
1.635606250359437297e+01
1.724169348354735831e+01
1.763563216676558554e+01
1.617317497018307293e+01
1.841795048754294228e+01
1.434005001960242609e+01
1.890820466142995215e+01
8.829386754869961607e+00
6.390150107645419908e+00
4.962487896500853424e+01
1.482960190328016736e+01
1.603621381374912147e+01
7.852739807978638353e+00
1.294065099745980696e+01
4.275476642458364296e+01
1.797287731799308474e+01
1.690319656270973425e+01
1.820534271331643339e+01
1.810973972274486954e+01
1.994428623554772528e+01
1.902013281234234654e+01
1.260085618199867241e+01
1.985021600522211926e+01
3.068635278821080448e+01
1.861951869168958495e+01
1.369679861373149699e+01
3.770084709973140491e+01
1.249567943489975264e+01
1.808535293160417012e+01
2.327063416612906721e+01
2.850138317036324764e+01
1.859045509013629527e+01
1.477382890910160107e+01
8.023803976595125675e+00
2.552605425128567163e+01
9.577153052731743443e+00
1.570857388950621392e+01
1.729276832356019611e+01
7.351780592717199170e+01
1.961100451756305318e+01
1.239657395085646741e+01
1.196984436381847061e+01
1.698549822593779268e+01
1.542163046988124542e+01
2.439385163421724201e+01
9.837659792648976165e+00
1.072781764619767841e+01
1.595002295826342475e+01
2.092697537704608735e+01
1.826331479023125937e+01
1.405761916959112057e+01
1.930126119464879153e+01
1.236366420262120869e+01
1.010352947967635195e+01
1.168369941771984344e+01
1.568814195343710338e+01
2.037862944866267156e+01
1.767254735831367540e+01
2.010438221409069826e+01
1.515457448227722459e+01
1.649025402083899294e+01
9.224130238631991219e+00
9.240584591750831578e+00
4.287746547103422756e+01
1.711148856539852758e+01
1.629445233504627311e+01
2.078249819105915464e+01
1.726754833452783799e+01
2.798455148515482449e+01
1.923388988561366020e+01
4.159969850459430063e+01
1.669065029260769606e+01
1.768138733459250744e+01
1.330610973347783599e+01
1.981258981819255283e+01
1.740262854783774671e+01
1.487138583196981045e+01
2.924069941690642693e+01
1.063112359790882522e+01
2.093125314928292724e+01
1.226852424716468448e+01
2.652208552523120133e+01
1.633076609668674095e+01
1.756492132020698094e+01
7.539753469954053600e+00
1.012986520686142811e+01
2.737898299448936967e+01
1.073249503989222475e+01
1.735747096544968215e+01
1.066131755324867925e+01
1.855339566805051277e+01
1.938049993580618491e+01
1.269643598461401446e+01
1.162972970584971755e+01
2.924221826363254451e+01
8.048408178135739277e+00
1.995915171763109797e+01
1.754823718095526885e+01
1.714081392874112098e+01
1.442421386880738687e+01
2.371015614657667214e+01
2.045542846514271673e+01
2.223872822441319386e+01
2.012349686173399377e+01
1.052832539274181478e+01
1.857582890730139979e+01
1.470094550588797233e+01
9.995396103476270611e+00
1.177663192595487374e+01
1.112921538041216429e+01
1.897129543845225896e+01
1.294790842547386056e+01
1.218105290360876225e+01
2.038670938762473384e+01
2.004096535638412391e+01
1.247777439923658349e+01
1.691314046104577429e+01
1.742003842008294967e+01
7.269009051989165471e+00
1.772761341953257030e+01
1.734966606283897050e+01
1.207281327740726695e+01
7.707609540204535037e+00
9.944171270043600686e+00
1.804347494504025917e+01
2.945677085725650812e+01
2.231413320740880124e+01
6.831957488594674999e+00
1.821881010774457010e+01
1.973680513574821305e+01
4.563788998020990562e+01
1.766928819835500164e+01
8.972377704938082843e+00
1.305772721968546257e+01
1.372903784007170280e+01
8.152032676804413569e+00
2.776133493463677127e+01
1.160655654538093273e+01
7.583424403375513378e+00
9.939758609852527016e+00
1.934961750858578355e+01
1.665167364059041688e+01
1.071476458247989427e+01
3.616334302199013706e+01
2.390925228241049183e+01
7.916030129476244070e+00
2.203801120452749629e+01
2.699324136662288964e+01
1.031991684141081578e+01
7.195772780819372372e+01
1.946643232492058928e+01
4.277409985590203689e+01
1.125043862742354150e+01
8.378085387393312544e+00
1.201985336717685016e+01
1.247651267812466713e+01
3.483486013063544107e+00
1.563112703383765023e+01
2.717208418305115458e+01
3.270820490009297288e+01
1.982383072129251644e+01
1.841319305238396709e+01
1.686399349643985701e+01
1.666815373478267048e+01
1.848522495646425767e+01
1.326735847666708068e+01
1.249083571040111806e+01
6.577097825722910684e+00
1.375149397370644522e+01
4.765683318313881500e+01
1.066285796044404677e+01
1.289064014255280632e+01
1.483514926118019517e+01
1.660651390975743524e+01
1.570528006287528200e+01
1.031885447525797339e+01
1.793192388118702851e+01
1.456900760320610111e+01
1.781899224747086663e+01
9.157256211868867624e+00
1.428449899678149038e+01
2.641837287044002380e+01
1.900260708013089683e+01
1.312780220759832694e+01
1.721574524415548524e+01
1.633649702282736627e+01
1.162085902820604844e+01
1.842665224672689206e+01
1.886504641560107487e+01
1.621064868883883747e+01
2.969888397242158717e+01
1.395835452390757325e+01
1.957391431517069336e+01
1.796064005281761666e+01
1.914760788004456060e+01
4.956564419307778024e+00
1.740127454178633570e+01
2.116611635501058331e+01
4.533395877673774166e+00
1.623400311459974787e+01
1.679318926890343633e+01
1.118918093331237351e+01
1.403795606903113224e+01
1.937010409305577241e+01
2.598695075832682733e+01
3.041302008051939865e+01
1.106209596834250419e+01
9.846654409056696977e+00
1.615255292977222368e+01
1.460604602762085236e+01
5.925109157801959014e+00
9.987297309828022662e+00
1.643609806956883190e+01
1.766509290489414852e+01
1.447386202697668622e+01
2.289113818158027769e+01
1.870402334362412233e+01
1.954062249610042201e+01
1.675363295618073778e+01
1.570675100734797525e+01
1.817553044282632868e+01
2.033770614407701061e+01
2.068686506314421436e+01
2.311107593165590757e+01
1.702297742051732854e+01
8.744789908502038855e+00
1.437953255099012928e+01
6.354335525065138768e+00
1.739632439267723996e+01
1.007472275870802392e+01
1.776415203786906005e+01
1.894118495866604590e+01
3.505886595760324553e+01
2.289447097095312600e+01
1.600675749530262948e+01
2.642037515854019603e+01
1.584858890742506610e+01
1.621870221566443604e+01
1.237071176825145891e+01
7.437966251999254652e+00
2.285893084196171898e+01
1.587290743505242219e+01
1.689495632214471144e+01
1.644984098006034401e+01
9.352254225025026457e+00
9.858266916170101979e+00
1.794078607941148462e+01
1.110849337953064264e+01
1.467581327110060130e+01
1.009841860471553154e+01
1.477299181648773185e+01
1.336506506752431633e+01
1.061304922137957618e+01
1.805546007819563314e+01
1.858350869495780699e+01
3.751328469629947904e+01
8.340449639372543800e+00
1.900704118076059146e+01
3.818632697858547687e+01
2.405294686685977013e+01
1.483038278152579892e+01
1.091913944696083405e+01
1.234283090229017255e+01
2.681327804111537816e+01
1.013482124242238314e+01
2.485745364285260450e+01
1.198736010948022113e+01
1.444238463990083865e+01
1.831514325132011933e+01
3.057499459330522740e+01
1.773229895870118256e+01
1.704611303987713811e+01
1.326482401236903641e+01
1.453972790741419274e+01
4.720373132094266566e+00
1.825817790605972846e+01
1.833852832603211525e+01
1.931598247226156317e+01
2.058515577370986094e+01
1.450252885402350245e+01
1.192878639204468527e+01
3.489482270877986991e+01
1.211884450317971229e+01
7.364239020599214314e+00
1.714431390640581654e+01
1.313133716281161867e+01
1.242310070572870728e+01
7.255714098942991086e+01
5.230710372128582364e+00
1.833411597155285122e+01
1.939170651200337403e+01
9.707052314547910399e+00
1.365580859827821314e+01
1.878541067081820515e+01
1.960735857032415197e+01
3.228063734355420422e+01
4.162374830930296810e+01
1.745036170207102089e+01
1.737957296352286463e+01
1.773271397840037977e+01
7.099538886325976961e+00
1.410001646233589767e+01
1.962819459386773246e+01
1.832246071590223124e+01
2.860003633953238023e+01
1.709484730401861086e+01
2.959168257746877373e+01
1.359498978758582766e+01
1.870398291961388537e+01
2.191987255451542183e+01
2.455741048129369375e+01
1.657509467826039185e+01
1.190716931337165541e+01
1.954934968167301435e+01
1.793186721476742207e+01
1.514367740581449873e+01
1.773974714771158290e+01
2.888354480559225124e+01
2.578835654071714600e+01
1.985426939711777194e+01
2.353572848117936545e+01
2.949675689887395791e+01
3.242554545715828596e+01
1.880542793699126136e+01
8.046716625701270686e+01
1.751868783695882215e+01
2.490819890961168070e+01
2.283265140392211023e+01
1.712369912606707345e+01
1.872617669285037323e+01
1.566932926667445436e+01
1.775152395176386477e+01
1.763147487866582708e+01
2.063870695188028392e+01
1.876167827785330289e+01
1.200531908026089667e+01
1.785818511475029879e+01
9.971986762601741106e+00
1.882885195654364097e+01
4.963857466347707259e+01
1.874933130516136970e+01
1.215590288995929669e+01
1.816713533254504043e+01
1.058782310239001490e+01
1.741696930851759006e+01
1.158010197348809633e+01
2.186587648591293132e+01
1.454254870475903161e+01
1.798577133475714263e+01
1.724294748412306078e+01
1.890491280499920634e+01
1.483300334730983394e+01
2.638111844260214056e+01
1.978940598988229738e+01
2.553283625165135362e+01
1.825605092886941350e+01
2.082189928536979551e+01
1.863639953572011976e+01
1.434163497749630700e+01
2.826459013127734465e+01
1.765263098289515042e+01
1.477542157205429163e+01
1.717188351192117679e+01
6.343427697905516638e+00
1.949127838686699121e+01
7.200566531827538697e+00
1.645922175581936742e+01
1.458034244781979893e+01
1.764368186724627563e+01
1.808273075615603176e+01
1.766141061354536390e+01
1.782281574366683685e+01
1.545721245371667685e+01
2.711758066515039545e+01
2.053892881416148697e+01
1.544328884953865888e+01
8.433073709494959047e+00
1.705519343442677638e+01
1.880981998255276721e+01
1.099198745667175459e+01
1.196169610731466193e+01
2.381951810159585747e+01
1.564070893363379078e+01
2.687010772900313071e+01
1.445668466280815068e+01
1.800506641685069198e+01
2.180966793933270154e+01
1.995485131717854443e+01
2.087757368932983582e+00
1.462124031048230322e+01
9.742138600316501140e+00
1.739078795126838273e+01
2.570687900964956185e+01
1.150566772580133090e+01
1.271857298293349459e+01
1.799354529367653655e+01
9.446556616304102150e+00
1.825384098267127087e+01
1.350870995047502632e+01
1.451350712874272020e+01
3.173947234661356731e+01
1.657684459967928348e+01
2.606196206700983353e+01
1.725701193907771369e+01
2.156289389792287992e+01
1.208067314034462036e+01
1.211780826414826961e+01
2.788310145190052225e+01
2.227430343491156961e+01
1.693577161496439842e+01
2.900923931868490513e+01
2.673249314263622978e+01
1.858490594058151402e+01
1.622071724300078444e+01
1.632083969403298696e+01
1.721481639576498779e+01
2.489599531247041853e+01
1.348379625043780905e+01
2.850487985340466679e+01
1.813767058610589089e+01
1.605241115501837257e+01
1.878143298558138596e+01
3.969647671779302556e+01
1.807663787083483342e+01
1.841811824545009557e+01
1.833635123564414826e+01
4.021903393715435016e+01
1.725476042957849288e+01
1.715977016045246373e+01
1.801491028511888004e+01
2.443314187373847801e+01
1.837011507767764940e+01
1.656566542028125966e+01
1.874661145101114457e+01
1.118936012836857152e+01
8.560270992087176012e+00
1.072552895961682573e+01
1.697700039596272248e+01
1.431101734626957622e+01
1.309119038428898563e+01
1.769009560160816719e+01
1.999287656128006674e+01
2.471667555786586234e+01
1.625669701370367548e+01
1.911722810205872847e+01
8.951887942203194726e+00
2.321370715068574597e+01
1.685039981569637746e+01
2.610367287203052911e+01
1.338902954595934958e+01
1.668221364881231494e+01
1.097198198337446229e+01
1.374448937817508920e+01
1.728790334050572852e+01
1.917924713084779853e+01
1.731199614316863133e+01
3.143339102286078912e+01
1.604777570366700701e+01
1.855144636042629003e+01
1.459650512999283123e+01
1.844623170469027329e+01
1.018914921265634632e+01
1.851461549361400927e+01
8.400606408176626516e+00
8.427771128455365357e+00
1.956093385525955952e+01
3.782003374924438077e+01
4.025748245955158211e+01
9.037629327154050429e+00
1.430501665913235065e+01
2.847304491797482484e+01
1.312386489077986340e+01
1.762371996991306844e+01
8.330938209866006972e+00
1.692931335497916834e+01
1.269470537150817790e+01
1.535074205466303709e+01
1.697079810801847799e+01
1.857475786726307732e+01
2.455679201843314274e+01
2.009601007584667443e+01
1.105160774832837589e+01
1.800039132776387163e+01
1.958298182457528114e+01
1.992812214650041724e+01
1.707514231324883980e+01
1.476525335528362781e+01
1.018717080740762526e+01
1.456981054713408952e+01
1.649552575859921077e+01
1.219073979482818260e+01
6.456570353757140168e+00
1.820704873845930294e+01
2.340874788598830492e+01
1.213904824745824129e+01
7.860841568304502758e+00
1.425403059820571983e+01
1.824763486684897629e+01
2.880716384877066361e+01
9.653232797126808151e+00
2.318256423756699647e+01
1.238777388560780857e+01
2.808918908183207108e+01
1.511201708847804959e+01
1.538243022157131534e+01
2.445477570796724365e+01
3.245146320924897410e+00
1.914239282234510853e+01
2.893591849947997829e+01
1.800820650024719427e+01
2.681134037794626579e+01
1.392816251590664578e+01
5.935445442756526191e+00
2.372229488340298431e+01
2.563568708273046326e+01
3.489607756101017344e+01
1.715404477901692104e+01
1.787842407971408676e+01
1.278767769914949071e+01
1.848831477209940743e+01
2.026130897230604333e+01
1.366539965172924553e+01
2.933218341846520971e+01
1.378255848991384092e+01
1.770619738764055029e+01
2.571034272869753323e+01
1.449837775392091821e+01
1.696442304651468902e+01
1.406774475633855559e+01
2.538202313234637941e+01
1.789004772746318750e+01
2.082156907355231112e+01
1.648399798598556742e+01
2.900376189826192785e+01
1.737701317941472468e+01
1.072989857764573784e+01
6.353320959307795945e+00
1.709479198133658784e+01
2.206193193423048626e+01
1.700095632635030185e+01
1.877353687038554853e+01
2.030558211719712958e+01
1.961546503398303898e+01
1.634023926099337487e+01
1.389750356606567649e+01
1.607902087652240297e+01
9.074425236383978799e+00
1.942551580238270148e+01
1.316487616708340269e+01
1.547273908030343037e+01
8.634815647538644612e+00
1.859313919174980256e+01
1.932767796203811628e+01
7.375552446098241788e+00
2.289162204981439075e+01
8.597561263336455539e+00
1.848191470195977715e+01
1.021858708473116373e+01
1.627243023799231381e+01
1.813749481965087895e+01
1.767539331169353289e+01
2.337623783309556202e+01
1.462593084871900473e+01
1.407951270413967038e+01
1.947910951020133297e+01
1.827197747581610088e+01
9.523870604631481385e+00
1.468141532088693424e+01
1.242515351520213684e+01
3.289422073214448972e+01
1.006893800970836672e+01
8.893592815519905770e+00
8.087471682655144889e+01
1.869912064222060977e+01
1.460770926019909233e+01
8.506694684262429362e+00
1.344293553556987320e+01
3.459757021162296553e+01
2.085109046488028284e+01
1.857884979304315465e+01
6.434368354129052392e+00
2.168799483560689723e+01
1.149159254410547604e+01
9.991875599695227095e+00
1.890610163293120038e+01
1.472010148970641907e+01
2.212049782431302347e+01
1.987649020107852138e+01
1.736628075955424322e+01
2.939153793421882099e+01
1.271483550172100863e+01
1.891101096931898340e+01
1.223287480156615814e+01
2.691154355924302877e+01
1.419168118085411834e+01
8.623733381667193498e+00
2.108497014989922747e+01
1.911264774260806831e+01
9.625255534904098909e+00
2.053517850099653685e+01
4.909441906009666567e+00
1.932529096352254783e+01
2.425771981078151640e+01
1.688826072977387227e+01
1.728160903100418722e+01
1.506485965734887067e+01
9.062942851379933273e+00
1.775823035040265552e+01
1.147594128166784699e+01
2.775436635695871956e+01
3.052471174072837812e+01
1.403215850099751982e+01
1.742881048625876872e+01
1.700244753778666507e+01
1.561236804882368467e+01
1.453728730738485453e+01
1.417701249534105301e+01
2.261776388333183263e+01
3.595366150200210598e+01
1.860496059454127149e+01
1.935586563298749851e+01
2.329495172736818631e+01
1.995532185683603288e+01
7.106292831482610595e+00
1.407036397874651357e+01
1.937251453840190152e+01
1.928266948896703425e+01
2.278273675209920412e+01
2.119036378014267186e+01
1.797971617639992559e+01
7.556918956452419067e+00
1.978843830531494419e+01
1.505126717407807746e+01
2.476067515538019492e+01
1.321086164399865837e+01
2.358385134917962489e+01
1.703997198886905906e+01
1.668716919517612851e+01
3.293224188791162987e+01
1.828683806812585999e+01
6.573809596293594737e+00
1.750804347507731151e+01
1.768990892502139900e+01
1.738763545034195701e+01
1.750089988273464314e+01
2.056625623410709736e+01
3.356927704710684424e+01
1.269406902362294076e+01
1.315793125756720983e+01
1.657861295023267445e+01
1.223315950393326723e+01
1.685299310974736642e+01
1.980041416791167208e+01
1.938704385834529731e+01
1.875544367765414222e+01
1.541225163868393899e+01
1.222913116351470819e+01
7.757791040229792046e+00
1.653136949190821881e+01
1.318940612655853073e+01
1.494546921614201906e+01
1.545589974652228804e+01
1.900862945164888629e+01
1.429587853002674613e+01
1.878876387771844136e+01
1.931764753644574384e+01
1.958981353419200033e+01
1.207077140285919370e+01
1.911847805205588102e+01
1.852330734823792824e+01
1.590515859256144715e+01
1.957602747251153019e+01
3.062944542678788906e+01
1.456753433813035237e+01
8.330155314904311936e+00
1.467138002390911566e+01
1.619608051334548549e+01
2.432580516741048271e+01
2.490840802967836609e+01
1.436995775725839586e+01
1.214668990913741808e+01
1.453268696893911738e+01
2.647063582222060418e+01
1.464152649855049049e+01
2.084681186733284264e+01
9.292655407609677454e+00
1.457266209644614463e+01
1.706528047100838918e+01
1.744288633898700880e+01
2.311816071944711837e+01
8.861873899662167986e+00
2.663757420847401391e+01
1.676465860019751730e+01
2.064356358836763405e+01
1.577620148540385792e+01
2.276872247064177657e+01
9.885582156138207566e+00
1.779273425083430382e+01
1.121649611542456881e+01
1.866319042955737828e+01
4.627912833616892385e+01
1.433336793369380935e+01
2.714480141103267030e+01
1.422661644540669812e+01
2.765351953039260380e+01
1.413714678336687669e+01
2.437466463450669352e+01
2.689319003845282907e+01
1.599367534206665908e+01
1.337436619894365641e+01
1.344460950037266223e+01
1.820349708425783675e+01
4.158055232837457993e+01
1.622951263237474251e+01
1.298588375942715523e+01
1.213176931456738750e+01
2.624553189945963538e+01
1.818985999256511121e+01
1.853966138445667866e+01
1.793219511090245888e+01
1.364616367136537889e+01
1.374381742737883094e+01
7.836346656985407222e+00
1.623693144652157372e+01
9.747798084694123233e+00
1.068336155482136363e+01
6.676656250450653474e+00
1.776320419016665753e+01
1.760872235970421329e+01
1.681177702197172508e+01
5.457981741962443323e+01
1.627651244369518224e+01
3.277432381151910334e+01
1.658392463290976337e+01
1.319091947105299667e+01
1.742992838140286693e+01
